0 0.0 0.0 1 2 6 18 19 23 25 26 32 36 42 49
1 0.0 0.0 0 2 5 15 24 34 35 38 42
2 0.0 0.0 0 1 3 6 7 14 20 28 29 34 35 37 40 44 47 48
3 0.0 0.0 2 4 13 16 23 45
4 0.0 0.0 3 5 19 20 25 28 29 32 38 39
5 0.0 0.0 1 4 6 7 29 38 44 45 48
6 0.0 0.0 0 2 5 7 12 13 33 34 41 42 43 48
7 0.0 0.0 2 5 6 8 9 19 23 31 37 39 45 47 49
8 0.0 0.0 7 9 10 13 16 17 19 22 25 31 32 40 44
9 0.0 0.0 7 8 10 11 12 16 24 25 30 33 41 43
10 0.0 0.0 8 9 11 12 19 21 24 25 26 29 41 47
11 0.0 0.0 9 10 12 15 16 28 37 38 39 40
12 0.0 0.0 6 9 10 11 13 14 20 22 23 25 41 43 44 48
13 0.0 0.0 3 6 8 12 14 21 24 39 43 45 49
14 0.0 0.0 2 12 13 15 17 19 22 23 29 33 42 44 46
15 0.0 0.0 1 11 14 16 21 27 31 35 42 45 46
16 0.0 0.0 3 8 9 11 15 17 21 31 32 34 36 40 41 45 46 48
17 0.0 0.0 8 14 16 18 19 22 23 29 34 36 37 42 45 47 48
18 0.0 0.0 0 17 19 27 28 33 37 42 43
19 0.0 0.0 0 4 7 8 10 14 17 18 20 32 43 46 47
20 0.0 0.0 2 4 12 19 21 23 24 26 30 35 39 43 45
21 0.0 0.0 10 13 15 16 20 22 24 30 34 35 40 41 42 45
22 0.0 0.0 8 12 14 17 21 23 25 33 34 35 47 49
23 0.0 0.0 0 3 7 12 14 17 20 22 24 27 41 43 48
24 0.0 0.0 1 9 10 13 20 21 23 25 26 27 30 47
25 0.0 0.0 0 4 8 9 10 12 22 24 26 27 28 31 32 35 47
26 0.0 0.0 0 10 20 24 25 27 37 39 47 48
27 0.0 0.0 15 18 23 24 25 26 28 31 37 46 49
28 0.0 0.0 2 4 11 18 25 27 29 38 41 42
29 0.0 0.0 2 4 5 10 14 17 28 30 32 37 44 45 49
30 0.0 0.0 9 20 21 24 29 31 41
31 0.0 0.0 7 8 15 16 25 27 30 32 33 34 38
32 0.0 0.0 0 4 8 16 19 25 29 31 33 35 39 41 48
33 0.0 0.0 6 9 14 18 22 31 32 34 39 44
34 0.0 0.0 1 2 6 16 17 21 22 31 33 35 36 47 48
35 0.0 0.0 1 2 15 20 21 22 25 32 34 36 42 47
36 0.0 0.0 0 16 17 34 35 37 39 41 49
37 0.0 0.0 2 7 11 17 18 26 27 29 36 38 41 48
38 0.0 0.0 1 4 5 11 28 31 37 39 41 42 46 47 49
39 0.0 0.0 4 7 11 13 20 26 32 33 36 38 40 45 47
40 0.0 0.0 2 8 11 16 21 39 41
41 0.0 0.0 6 9 10 12 16 21 23 28 30 32 36 37 38 40 42 44 47
42 0.0 0.0 0 1 6 14 15 17 18 21 28 35 38 41 43
43 0.0 0.0 6 9 12 13 18 19 20 23 42 44 45
44 0.0 0.0 2 5 8 12 14 29 33 41 43 45 48
45 0.0 0.0 3 5 7 13 15 16 17 20 21 29 39 43 44 46
46 0.0 0.0 14 15 16 19 27 38 45 47
47 0.0 0.0 2 7 10 17 19 22 24 25 26 34 35 38 39 41 46 48
48 0.0 0.0 2 5 6 12 16 17 23 26 32 34 37 44 47 49
49 0.0 0.0 0 7 13 22 27 29 36 38 48