0 0.0 0.0 1 6 16 18 22 58 78 79 
1 0.0 0.0 0 2 37 
2 0.0 0.0 1 3 29 
3 0.0 0.0 2 4 58 78 
4 0.0 0.0 3 5 30 36 50 
5 0.0 0.0 4 6 46 76 
6 0.0 0.0 0 5 7 10 12 18 26 35 
7 0.0 0.0 6 8 13 
8 0.0 0.0 7 9 27 47 54 
9 0.0 0.0 8 10 
10 0.0 0.0 6 9 11 
11 0.0 0.0 10 12 57 
12 0.0 0.0 6 11 13 17 29 30 67 
13 0.0 0.0 7 12 14 23 29 32 50 74 
14 0.0 0.0 13 15 24 51 
15 0.0 0.0 14 16 
16 0.0 0.0 0 15 17 24 33 37 46 66 
17 0.0 0.0 12 16 18 30 60 69 78 
18 0.0 0.0 0 6 17 19 36 48 49 57 60 75 
19 0.0 0.0 18 20 38 72 
20 0.0 0.0 19 21 25 
21 0.0 0.0 20 22 
22 0.0 0.0 0 21 23 
23 0.0 0.0 13 22 24 
24 0.0 0.0 14 16 23 25 44 
25 0.0 0.0 20 24 26 
26 0.0 0.0 6 25 27 54 71 
27 0.0 0.0 8 26 28 39 
28 0.0 0.0 27 29 
29 0.0 0.0 2 12 13 28 30 36 
30 0.0 0.0 4 12 17 29 31 36 
31 0.0 0.0 30 32 39 72 
32 0.0 0.0 13 31 33 
33 0.0 0.0 16 32 34 46 52 
34 0.0 0.0 33 35 78 
35 0.0 0.0 6 34 36 51 66 
36 0.0 0.0 4 18 29 30 35 37 52 63 
37 0.0 0.0 1 16 36 38 
38 0.0 0.0 19 37 39 48 51 66 75 
39 0.0 0.0 27 31 38 40 77 
40 0.0 0.0 39 41 44 45 
41 0.0 0.0 40 42 43 57 
42 0.0 0.0 41 43 
43 0.0 0.0 41 42 44 
44 0.0 0.0 24 40 43 45 
45 0.0 0.0 40 44 46 56 68 
46 0.0 0.0 5 16 33 45 47 57 
47 0.0 0.0 8 46 48 71 74 
48 0.0 0.0 18 38 47 49 65 
49 0.0 0.0 18 48 50 53 60 66 77 
50 0.0 0.0 4 13 49 51 
51 0.0 0.0 14 35 38 50 52 70 
52 0.0 0.0 33 36 51 53 
53 0.0 0.0 49 52 54 64 
54 0.0 0.0 8 26 53 55 61 76 
55 0.0 0.0 54 56 
56 0.0 0.0 45 55 57 77 
57 0.0 0.0 11 18 41 46 56 58 78 
58 0.0 0.0 0 3 57 59 65 
59 0.0 0.0 58 60 
60 0.0 0.0 17 18 49 59 61 66 72 
61 0.0 0.0 54 60 62 
62 0.0 0.0 61 63 68 69 
63 0.0 0.0 36 62 64 65 
64 0.0 0.0 53 63 65 68 
65 0.0 0.0 48 58 63 64 66 
66 0.0 0.0 16 35 38 49 60 65 67 77 
67 0.0 0.0 12 66 68 71 
68 0.0 0.0 45 62 64 67 69 75 
69 0.0 0.0 17 62 68 70 
70 0.0 0.0 51 69 71 
71 0.0 0.0 26 47 67 70 72 
72 0.0 0.0 19 31 60 71 73 
73 0.0 0.0 72 74 
74 0.0 0.0 13 47 73 75 
75 0.0 0.0 18 38 68 74 76 
76 0.0 0.0 5 54 75 77 
77 0.0 0.0 39 49 56 66 76 78 
78 0.0 0.0 0 3 17 34 57 77 79 
79 0.0 0.0 0 78 
