0 [[177.2, 117.5], [1, 5, 6, 13, 14]]
1 [[247.9, 147.8], [0, 4, 12, 13, 29]]
2 [[180.9, 194.2], [6, 7, 18]]
3 [[199.9, 237.9], [4, 7, 8, 22]]
4 [[237.9, 202.3], [1, 3, 5, 28, 29]]
5 [[205.6, 156.6], [0, 4, 6]]
6 [[134.3, 151.8], [0, 2, 5, 15, 16]]
7 [[153.8, 254.3], [2, 3, 18, 19, 22]]
8 [[240.1, 267.9], [3, 9, 22]]
9 [[242.2, 322.8], [8, 22, 24, 25]]
10 [[334.7, 234.6], [11, 26, 29]]
11 [[352.2, 174.6], [10, 32]]
12 [[298.4, 134.7], [1, 29, 30]]
13 [[231.7, 97.3], [0, 1, 31]]
14 [[178.9, 60.0], [0, 15, 31]]
15 [[123.6, 89.2], [6, 14, 16]]
16 [[75.6, 129.1], [6, 15, 17]]
17 [[76.3, 190.2], [16, 18, 19, 20]]
18 [[130.1, 200.9], [2, 7, 17]]
19 [[104.0, 245.3], [7, 17, 21]]
20 [[61.4, 265.6], [17, 21]]
21 [[126.5, 303.3], [19, 20, 23, 33]]
22 [[187.0, 297.6], [3, 7, 8, 9, 23]]
23 [[190.1, 353.4], [21, 22, 24]]
24 [[249.2, 381.1], [9, 23, 25]]
25 [[304.0, 343.1], [9, 24, 26, 27]]
26 [[351.7, 293.1], [10, 25]]
27 [[291.5, 285.6], [25, 28]]
28 [[276.5, 234.8], [4, 27]]
29 [[295.7, 188.7], [1, 4, 10, 12]]
30 [[291.3, 75.3], [12, 31, 32]]
31 [[239.5, 60.0], [13, 14, 30]]
32 [[342.0, 112.2], [11, 30]]
33 [[131.5, 361.0], [21]]
